in27
iv3
ib0 9 14
iK182 261 345

iI -1 0 0 0 0 0 0 0 1 0 0 0 0 1 0 0 0 0 0 0 0 0 0 0 0 0 1  
        0 -2 1 1 0 1 0 0 0 0 0 0 0 0 0 0 0 0 0 0 0 0 0 0 0 0 0  
        0 1 -2 0 0 0 0 0 0 0 0 0 0 0 0 0 0 0 0 0 0 0 0 0 0 0 0  
        0 1 0 -2 1 0 0 0 0 0 0 0 0 0 0 0 0 0 0 0 0 0 0 0 0 0 0  
        0 0 0 1 -2 0 0 0 0 0 0 0 0 0 0 0 0 0 0 0 0 0 0 0 0 0 0  
        0 1 0 0 0 -2 1 0 0 0 0 0 0 0 0 0 0 0 0 0 0 0 0 0 0 0 0  
        0 0 0 0 0 1 -2 1 0 0 0 0 0 0 0 0 0 0 0 0 0 0 0 0 0 0 0  
        0 0 0 0 0 0 1 -2 1 0 0 0 0 0 0 0 0 0 0 0 0 0 0 0 0 0 0  
        1 0 0 0 0 0 0 1 -18 0 0 0 0 0 0 0 0 0 0 0 0 0 0 0 0 0 0  
        0 0 0 0 0 0 0 0 0 -1 1 0 1 1 0 0 0 0 0 0 0 0 0 0 0 0 0  
        0 0 0 0 0 0 0 0 0 1 -2 1 0 0 0 0 0 0 0 0 0 0 0 0 0 0 0  
        0 0 0 0 0 0 0 0 0 0 1 -2 0 0 0 0 0 0 0 0 0 0 0 0 0 0 0  
        0 0 0 0 0 0 0 0 0 1 0 0 -7 0 0 0 0 0 0 0 0 0 0 0 0 0 0  
        1 0 0 0 0 0 0 0 0 1 0 0 0 -9 0 0 0 0 0 0 0 0 0 0 0 0 0  
        0 0 0 0 0 0 0 0 0 0 0 0 0 0 -2 1 0 1 0 0 0 1 0 0 0 0 0  
        0 0 0 0 0 0 0 0 0 0 0 0 0 0 1 -3 1 0 0 0 0 0 0 0 0 0 0  
        0 0 0 0 0 0 0 0 0 0 0 0 0 0 0 1 -4 0 0 0 0 0 0 0 0 0 0  
        0 0 0 0 0 0 0 0 0 0 0 0 0 0 1 0 0 -2 1 0 0 0 0 0 0 0 0  
        0 0 0 0 0 0 0 0 0 0 0 0 0 0 0 0 0 1 -2 1 0 0 0 0 0 0 0  
        0 0 0 0 0 0 0 0 0 0 0 0 0 0 0 0 0 0 1 -2 1 0 0 0 0 0 0  
        0 0 0 0 0 0 0 0 0 0 0 0 0 0 0 0 0 0 0 1 -2 0 0 0 0 0 0  
        0 0 0 0 0 0 0 0 0 0 0 0 0 0 1 0 0 0 0 0 0 -2 1 0 0 0 0  
        0 0 0 0 0 0 0 0 0 0 0 0 0 0 0 0 0 0 0 0 0 1 -2 1 0 0 0  
        0 0 0 0 0 0 0 0 0 0 0 0 0 0 0 0 0 0 0 0 0 0 1 -2 1 0 0  
        0 0 0 0 0 0 0 0 0 0 0 0 0 0 0 0 0 0 0 0 0 0 0 1 -2 1 0  
        0 0 0 0 0 0 0 0 0 0 0 0 0 0 0 0 0 0 0 0 0 0 0 0 1 -4 1  
        1 0 0 0 0 0 0 0 0 0 0 0 0 0 0 0 0 0 0 0 0 0 0 0 0 1 -2;

pI
c
pr
