in20
iv2
ib 14 18
iK 56 20

iI 
-2 1 0 0 0 0 0 0 0 0 0 0 0 0 0 0 0 0 0 0
1 -3 1 0 1 0 0 0 0 0 0 0 0 0 0 0 0 0 0 0
0 1 -2 1 0 0 0 0 0 0 0 0 0 0 0 0 0 0 0 0
0 0 1 -2 0 0 0 0 0 0 0 0 0 0 0 0 0 0 0 0
0 1 0 0 -2 1 0 0 0 0 0 0 0 0 0 0 1 0 0 0
0 0 0 0 1 -2 1 0 0 0 0 0 0 0 0 0 0 0 0 0
0 0 0 0 0 1 -2 1 0 0 0 0 0 0 0 0 0 0 0 0
0 0 0 0 0 0 1 -2 1 0 0 0 0 0 0 0 0 0 0 0
0 0 0 0 0 0 0 1 -2 1 0 0 0 0 0 0 0 0 0 0
0 0 0 0 0 0 0 0 1 -2 1 0 0 0 0 0 0 0 0 0
0 0 0 0 0 0 0 0 0 1 -2 0 0 0 1 0 0 0 0 0
0 0 0 0 0 0 0 0 0 0 0 -2 1 0 0 0 0 0 0 0
0 0 0 0 0 0 0 0 0 0 0 1 -2 1 0 0 0 0 0 0
0 0 0 0 0 0 0 0 0 0 0 0 1 -2 1 0 0 0 0 0
0 0 0 0 0 0 0 0 0 0 1 0 0 1 -2 1 0 0 0 0
0 0 0 0 0 0 0 0 0 0 0 0 0 0 1 -3 0 0 0 0
0 0 0 0 1 0 0 0 0 0 0 0 0 0 0 0 -13 0 1 0
0 0 0 0 0 0 0 0 0 0 0 0 0 0 0 0 0 -2 1 0
0 0 0 0 0 0 0 0 0 0 0 0 0 0 0 0 1 1 -1 1
0 0 0 0 0 0 0 0 0 0 0 0 0 0 0 0 0 0 1 -3
c
pr
